a<-c(2,3,4)
b<-a^2 + 10